 ENTER INITIAL MATRIX SIZE: 
 THIS IS N:   6
 ENTER INITIAL VALUES A(): 
  4.00000000 -1.00000000  0.00000000 -1.00000000  0.00000000  0.00000000
 -1.00000000  4.00000000 -1.00000000  0.00000000 -1.00000000  0.00000000
  0.00000000 -1.00000000  4.00000000  0.00000000  0.00000000 -1.00000000
 -1.00000000  0.00000000  0.00000000  4.00000000 -1.00000000  0.00000000
  0.00000000 -1.00000000  0.00000000 -1.00000000  4.00000000 -1.00000000
  0.00000000  0.00000000 -1.00000000  0.00000000 -1.00000000  4.00000000
 ENTER INITIAL VALUES B(): 
  0.00000000
  5.00000000
  0.00000000
  6.00000000
 -2.00000000
  6.00000000
 HERE IS AA()
  4.00000000 -1.00000000  0.00000000 -1.00000000  0.00000000  0.00000000  1.00000000  0.00000000  0.00000000  0.00000000  0.00000000  0.00000000
 -1.00000000  4.00000000 -1.00000000  0.00000000 -1.00000000  0.00000000  0.00000000  1.00000000  0.00000000  0.00000000  0.00000000  0.00000000
  0.00000000 -1.00000000  4.00000000  0.00000000  0.00000000 -1.00000000  0.00000000  0.00000000  1.00000000  0.00000000  0.00000000  0.00000000
 -1.00000000  0.00000000  0.00000000  4.00000000 -1.00000000  0.00000000  0.00000000  0.00000000  0.00000000  1.00000000  0.00000000  0.00000000
  0.00000000 -1.00000000  0.00000000 -1.00000000  4.00000000 -1.00000000  0.00000000  0.00000000  0.00000000  0.00000000  1.00000000  0.00000000
  0.00000000  0.00000000 -1.00000000  0.00000000 -1.00000000  4.00000000  0.00000000  0.00000000  0.00000000  0.00000000  0.00000000  1.00000000
 HERE IS AINV()
  0.29482403  0.09316771  0.02815735  0.08612838  0.04968945  0.01946170
  0.09316770  0.32298136  0.09316769  0.04968945  0.10559007  0.04968944
  0.02815735  0.09316771  0.29482403  0.01946170  0.04968945  0.08612837
  0.08612837  0.04968945  0.01946170  0.29482403  0.09316771  0.02815735
  0.04968945  0.10559007  0.04968944  0.09316771  0.32298139  0.09316770
  0.01946170  0.04968945  0.08612836  0.02815735  0.09316770  0.29482400
 HERE IS C()
  1.00000012  0.00000000  0.00000000  0.00000003  0.00000001  0.00000000
  0.00000000  1.00000000 -0.00000003  0.00000001  0.00000003 -0.00000001
  0.00000000  0.00000003  1.00000012  0.00000000  0.00000000  0.00000000
  0.00000000  0.00000001  0.00000000  1.00000012  0.00000000  0.00000000
  0.00000001  0.00000000 -0.00000001  0.00000000  1.00000012 -0.00000003
  0.00000000  0.00000001  0.00000000  0.00000001  0.00000000  0.99999994
 HERE IS X()
  1.00000012
  2.00000000
  1.00000012
  2.00000000
  1.00000000
  2.00000000
 HERE IS BB()
  0.00000048
  5.00000000
  0.00000048
  6.00000000
 -2.00000000
  6.00000000
