006
004.0000000 -01.0000000 000.0000000 -01.0000000 000.0000000 000.0000000
-01.0000000 004.0000000 -01.0000000 000.0000000 -01.0000000 000.0000000
000.0000000 -01.0000000 004.0000000 000.0000000 000.0000000 -01.0000000
-01.0000000 000.0000000 000.0000000 004.0000000 -01.0000000 000.0000000
000.0000000 -01.0000000 000.0000000 -01.0000000 004.0000000 -01.0000000
000.0000000 000.0000000 -01.0000000 000.0000000 -01.0000000 004.0000000
000.0000000
005.0000000
000.0000000
006.0000000
-02.0000000
006.0000000
